
6688999153330314022866117483682595791393920058017601465884153376501
1273499553992481777773812135601843762185697431915158322074593163914
1065386105564407531770979015135534486428073207981968914677317119222
2739931590489586764662795023075962480829046889575101080711669975667
5031674039706338120860839565161176188819867756658011753451798996181
243496463410827946533876821511138171518011870062230741312476037864
1731011168218105582754080314619312599221889221700426827929944281918
1412641794038639431736540372663521709625396384773746584243141732588
1569862078449170507360698754711561639421767286895898924414606946361
7660973576545894451472188407579924626204949795641078117629388184103
5869167828806608216548145621681927768348263851857035292754021632642
7023535183362348015048548236453162148340292459218829935431305464885
8125477497221420544265265457134525663637426596345519882709427392568
7763042174277198839373320791866969846066717065486134649123216295255
1474965944590391759684344937753322486157249196353389825272864473931
6309191559281723102865719054118193564713006292927602350541437548968
9279895267974794217733363948477370391741185204219950430773627723461
6494023778552579842443536721901835694670476487723359499870122879039
6047675107363628103133110471845587379304286595593727235765392035262
6853203924991124724386473555775861998115873836927478973639030173044
7062561946249280599216823555857749416683173451675056896090883605964
10476455238231847327793065534007600187106852096184381041985902600989
10103419632356283494799936416180507554464490302175225199002635719574
8054224266550475775384477661162855935610365888109696546271718809253